0.00:
46.2675
38.4833
47.0538
47.0538
38.4833
0.01:
32.8534
49.2557
38.4833
47.0132
37.4375
0.05:
23.7132
36.1118
21.3976
19.0096
30.7378
0.1:
0.0948102
29.3336
33.7574
0.134356
31.9275
3.65124
0.7:
0.00148508
0.00148508
0.00148508
0.00148508
0.00148508
0.5:
0.00148508
0.00148508
0.00148508
0.00148508
0.00148508
0.25:
0.00482651
9.89854
5.43812
0.0175889
*34...*
then i increase TERN_SEARCH_A_NUM from 300 to 3000
0.00853921
0.0113237
0.0113237
0.0177281
0.0177281
0.0177281
0.00853921
0.0236221
0.0138298
0.00148508
0.00148508
0.00148508
0.00148508
0.0102099
0.0177745
0.0177281
0.0138298
14.6391
19.5009
15.0152
0.284501
33.8221
0.105879
40.1809
45.275
